#information about the circles.
# centre du cercle rayon
0   190   1535  0
1   186   1535  0
2   171   1535  0
3   175   1534  0
4   177   1533  0
5   191   1531  0
6   187   1531  0
7   182   1531  0
8   179   1531  0
9   177   1531  0
10   174   1531  0
11   192   1529  0
12   188   1529  0
13   171   1529  0
14   192   1527  0
15   184   1523  0
16   180   1523  0
17   176   1523  0
18   174   1523  0
19   172   1523  0
20   191   1521  0
21   189   1521  0
22   174   1521  0
23   186   1520  0
24   183   1520  0
25   192   1518  0
26   189   1516  0
27   933   1522  30.0832
28   1200   1535  45.2769
29   763   1517  22.0227
30   1984   1530  68.2422
31   1648   1488  37.2022
32   321   1482  14.7648
33   58   1479  20.5913
34   1071   1483  47.8539
35   1759   1454  39.8121
36   1321   1449  42.45
37   1879   1439  57.0088
38   609   1420  34.2053
39   1493   1438  51.8652
40   1191   1409  44
41   1630   1402  53.0377
42   962   1420  47
43   1062   1388  28.1603
44   730   1373  36.6742
45   1741   1349  49.93
46   182   1286  18.0278
47   1875   1303  65.307
48   1537   1297  43.9659
49   643   1310  54.5894
50   1229   1276  34.0588
51   1355   1282  43.0116
52   1012   1272  50
53   1675   1246  49.4065
54   30   1234  27.8568
55   2047   1229  37.3363
56   1138   1206  52.7731
57   1450   1188  34.7851
58   1831   1183  48.0104
59   640   1168  41.4367
60   178   1155  35.1141
61   1002   1158  43.0465
62   1592   1163  45.1774
63   1730   1137  47.5395
64   1376   1123  33.5261
65   731   1126  46.3249
66   872   1101  46.8402
67   1879   1086  47.3814
68   1227   1081  57.8705
69   570   1064  47.0106
70   13   1039  34.176
71   982   1027  39.2046
72   1592   1016  43.566
73   1780   1023  56.0803
74   200   1009  29.7321
75   778   999  44.7214
76   1113   995  52.4976
77   1892   989  39.8121
78   1444   970  48.7647
79   890   966  52.345
80   1259   959  43.9318
81   1614   911  47.1699
82   1734   903  57
83   123   889  34.2053
84   207   895  29.0172
85   2015   890  52.8015
86   782   881  49.6488
87   608   872  38.6005
88   1459   875  42.2966
89   1038   816  32.5269
90   899   837  55.7315
91   476   812  18.3576
92   1287   841  52.1728
93   1910   822  53.6004
94   1667   807  47.3814
95   1174   799  54.6443
96   1543   815  38.2099
97   1794   798  50.3289
98   258   788  14.0357
99   2047   770  43.8292
100   779   760  52.1536
101   105   743  42.72
102   1024   736  36.2215
103   633   729  36.6742
104   1933   727  40.7922
105   1788   694  46.6905
106   913   671  23.0217
107   1675   680  53.7587
108   1398   728  46.0977
109   301   641  27.2947
110   1119   665  53.2353
111   1236   673  57.6888
112   180   659  47.1699
113   448   663  57.8014
114   808   631  45.2769
115   1858   607  41.8808
116   1014   600  43.7379
117   599   580  31.241
118   1735   597  50.3587
119   1088   553  45.8039
120   782   548  33.4216
121   1467   553  52.6973
122   280   535  50.1199
123   175   509  35.4401
124   1872   494  34.8281
125   909   494  48.2597
126   1582   483  50.6952
127   1379   493  46.2277
128   77   479  30.6105
129   1735   472  57.7062
130   1079   465  46.8722
131   1474   420  37.1214
132   1231   427  40.2492
133   962   396  38.2753
134   294   409  51.0784
135   181   410  50.636
136   603   383  39.6989
137   1615   390  40
138   1371   373  47.7074
139   1072   326  43.6807
140   10   332  56.7186
141   1465   331  43.0116
142   878   311  53.8516
143   1771   312  43.1856
144   302   276  46.6905
145   563   272  64.0312
146   178   267  64.405
147   1029   240  56.0803
148   1402   217  46.9574
149   834   210  55.2178
150   2042   198  72.9452
151   1754   179  81.2158
152   1392   141  54.1202
153   1020   157  53.2259
154   580   151  49.7695
155   936   101  42.0119
156   1167   143  58.258
157   1460   64  48.8365
158   406   78  68.7968
159   1983   32  55.5428
160   1367   19  75.326
161   1208   11  55.7136
162   929   29  39
