#information about the circles.
# centre du cercle rayon
0   1194   1529  82.1523
1   79   1496  38.1838
2   354   1426  106.066
3   2047   1453  123
4   873   1345  96.4261
5   1194   1342  96.5091
6   622   1321  95.4149
7   58   1265  39.6232
8   592   1141  86.1452
9   1165   1143  93.3435
10   1658   1078  99.6243
11   2047   1047  132.439
12   64   984  43.1045
13   308   927  79.555
14   909   989  84.3445
15   1528   810  87.2983
16   1326   786  98.8989
17   615   723  97.17
18   2047   701  137.412
19   888   583  93.0484
20   1679   607  96.1509
21   365   578  90.471
22   1021   431  89.5545
23   710   337  67.4759
24   1317   536  123.794
25   505   277  90.4489
26   1715   241  133.417
27   183   77  24.3516
28   1418   138  83.0963
29   1131   53  92.228
